# Matter power spectrum P(k) at redshift z=0
# for k=1.04892e-05 to 1.68265 h/Mpc,
# number of wavenumbers equal to 605
#    1:k (h/Mpc)              2:P (Mpc/h)^3        
       1.048919079686e-05       1.470321320956e+13 
       2.342249831168e-05       5.163117252823e+10 
       3.640164936955e-05       2.322142164716e+09 
       4.946185059161e-05       2.689101883317e+08 
       6.263889554320e-05       5.117434697435e+07 
       7.596948648479e-05       1.323327618031e+07 
       8.949156649002e-05       4.215963631800e+06 
       1.032446663814e-04       1.563751960580e+06 
       1.172702709675e-04       6.519870817502e+05 
       1.316122091007e-04       2.986972736134e+05 
       1.463170720765e-04       1.481328924436e+05 
       1.614346648338e-04       7.874153360429e+04 
       1.770184942226e-04       4.457742959928e+04 
       1.931262982156e-04       2.676943159223e+04 
       2.098206192416e-04       1.700959784832e+04 
       2.271694236861e-04       1.141683170703e+04 
       2.452467678413e-04       8.082191103245e+03 
       2.641335079869e-04       6.023603130811e+03 
       2.839180485322e-04       4.714754873521e+03 
       3.046971169280e-04       3.863124403193e+03 
       3.265765469437e-04       3.300730258106e+03 
       3.496720425011e-04       2.927903366486e+03 
       3.741098821589e-04       2.683701005224e+03 
       4.000275093102e-04       2.530023820486e+03 
       4.275739352457e-04       2.442552850357e+03 
       4.569098620517e-04       2.405127771309e+03 
       4.882074113659e-04       2.407042134342e+03 
       5.216493260920e-04       2.440987881866e+03 
       5.574274997115e-04       2.501901478916e+03 
       5.957406881198e-04       2.586289389356e+03 
       6.367912797490e-04       2.691686808102e+03 
       6.807810493308e-04       2.816354706507e+03 
       7.279059053347e-04       2.959020441552e+03 
       7.783497619106e-04       3.118755767083e+03 
       8.322778148231e-04       3.294789864090e+03 
       8.898296569348e-04       3.486489793722e+03 
       9.511127999282e-04       3.693245692182e+03 
       1.016197236617e-03       3.914419170367e+03 
       1.085111648951e-03       4.149298767002e+03 
       1.157841726199e-03       4.397130364274e+03 
       1.234330820602e-03       4.657020243237e+03 
       1.314482878604e-03       4.928004331815e+03 
       1.398167306859e-03       5.209062231460e+03 
       1.485225223232e-03       5.499097072286e+03 
       1.575476441932e-03       5.797062286215e+03 
       1.668726554502e-03       6.101829821541e+03 
       1.764773572144e-03       6.412325835039e+03 
       1.863413750653e-03       6.727502413243e+03 
       1.964446386765e-03       7.046379462124e+03 
       2.067677522922e-03       7.368025441998e+03 
       2.172922609279e-03       7.691577106304e+03 
       2.280008242964e-03       8.016287329774e+03 
       2.388773139610e-03       8.341386485795e+03 
       2.499068499816e-03       8.666326846429e+03 
       2.610757922870e-03       8.990471593038e+03 
       2.723717000007e-03       9.313356262320e+03 
       2.837832695739e-03       9.634502221191e+03 
       2.953002602204e-03       9.953567989273e+03 
       3.069134130392e-03       1.027018905930e+04 
       3.186143684264e-03       1.058405410287e+04 
       3.303955849573e-03       1.089494141546e+04 
       3.422502618153e-03       1.120260041135e+04 
       3.541722660247e-03       1.150689457176e+04 
       3.661560651500e-03       1.180758044793e+04 
       3.781966657068e-03       1.210457628943e+04 
       3.902895572507e-03       1.239776470116e+04 
       4.024306619249e-03       1.268702670165e+04 
       4.146162891424e-03       1.297231323770e+04 
       4.268430950172e-03       1.325355669706e+04 
       4.391080461358e-03       1.353067668960e+04 
       4.514083872622e-03       1.380364570967e+04 
       4.637416125802e-03       1.407243257286e+04 
       4.761054401048e-03       1.433705153077e+04 
       4.884977889182e-03       1.459744497234e+04 
       5.009167589186e-03       1.485361787504e+04 
       5.133606127990e-03       1.510557338241e+04 
       5.258277600030e-03       1.535332649650e+04 
       5.383167424306e-03       1.559689112850e+04 
       5.508262216924e-03       1.583628404577e+04 
       5.633549677359e-03       1.607148934811e+04 
       5.759018486842e-03       1.630253445907e+04 
       5.884658217485e-03       1.652945773794e+04 
       6.010459250928e-03       1.675231672146e+04 
       6.136412705410e-03       1.697108320251e+04 
       6.262510370328e-03       1.718582284364e+04 
       6.388744647431e-03       1.739651976578e+04 
       6.515108497919e-03       1.760321968171e+04 
       6.641595394793e-03       1.780601203451e+04 
       6.768199279874e-03       1.800491148013e+04 
       6.894914525005e-03       1.819988111933e+04 
       7.021735896960e-03       1.839104544950e+04 
       7.148658525684e-03       1.857840903079e+04 
       7.275677875512e-03       1.876199612880e+04 
       7.402789719043e-03       1.894184680264e+04 
       7.529990113420e-03       1.911800983212e+04 
       7.657275378741e-03       1.929048242926e+04 
       7.784642078406e-03       1.945939936564e+04 
       7.912087001207e-03       1.962470968605e+04 
       8.039607144972e-03       1.978644424562e+04 
       8.167199701634e-03       1.994474022718e+04 
       8.294862043564e-03       2.009950837768e+04 
       8.422591711069e-03       2.025088387871e+04 
       8.550386400927e-03       2.039883055203e+04 
       8.678243955877e-03       2.054347518536e+04 
       8.806162354961e-03       2.068477389160e+04 
       8.934139704655e-03       2.082279316131e+04 
       9.062174230706e-03       2.095754837256e+04 
       9.190264270616e-03       2.108912989877e+04 
       9.318408266721e-03       2.121752243107e+04 
       9.446604759802e-03       2.134278680243e+04 
       9.574852383194e-03       2.146495366810e+04 
       9.703149857342e-03       2.158406332640e+04 
       9.831495984768e-03       2.170011884618e+04 
       9.959889645419e-03       2.181319720787e+04 
       1.008832979236e-02       2.192331956726e+04 
       1.021681544777e-02       2.203049159361e+04 
       1.034534569928e-02       2.213480408914e+04 
       1.047391969651e-02       2.223624768444e+04 
       1.060253664790e-02       2.233488006764e+04 
       1.073119581776e-02       2.243072804823e+04 
       1.085989652353e-02       2.252380011432e+04 
       1.098863813325e-02       2.261416064545e+04 
       1.111742006316e-02       2.270180385873e+04 
       1.124624177552e-02       2.278682856736e+04 
       1.137510277657e-02       2.286922356802e+04 
       1.150400261463e-02       2.294898120572e+04 
       1.163294087831e-02       2.302620322717e+04 
       1.176191719489e-02       2.310086900067e+04 
       1.189093122879e-02       2.317305601542e+04 
       1.201998268012e-02       2.324277324794e+04 
       1.214907128339e-02       2.331004184192e+04 
       1.227819680627e-02       2.337487235139e+04 
       1.240735904841e-02       2.343734920443e+04 
       1.253655784046e-02       2.349746960159e+04 
       1.266579304300e-02       2.355526622077e+04 
       1.279506454567e-02       2.361075524306e+04 
       1.292437226630e-02       2.366397729842e+04 
       1.305371615015e-02       2.371495033347e+04 
       1.318309616917e-02       2.376373103995e+04 
       1.331251232131e-02       2.381031567919e+04 
       1.344196462994e-02       2.385476079995e+04 
       1.357145314323e-02       2.389707289847e+04 
       1.370097793367e-02       2.393727278862e+04 
       1.383053909758e-02       2.397539711228e+04 
       1.396013675464e-02       2.401149230515e+04 
       1.408977104754e-02       2.404554089720e+04 
       1.421944214156e-02       2.407759516410e+04 
       1.434915022432e-02       2.410767419727e+04 
       1.447889550539e-02       2.413583215999e+04 
       1.460867821612e-02       2.416204154607e+04 
       1.473849860935e-02       2.418635705000e+04 
       1.486835695925e-02       2.420878579994e+04 
       1.499825356110e-02       2.422941831912e+04 
       1.512818873119e-02       2.424818814255e+04 
       1.525816280667e-02       2.426515528980e+04 
       1.538817614546e-02       2.428035554897e+04 
       1.551822912620e-02       2.429378290579e+04 
       1.564832214816e-02       2.430551201759e+04 
       1.577845563125e-02       2.431551513371e+04 
       1.590863001601e-02       2.432383945199e+04 
       1.603884576359e-02       2.433050629603e+04 
       1.616910335585e-02       2.433552649690e+04 
       1.629940329535e-02       2.433888707379e+04 
       1.642974610548e-02       2.434072539038e+04 
       1.656013233051e-02       2.434096154692e+04 
       1.669056253574e-02       2.433963093262e+04 
       1.682103730762e-02       2.433679292687e+04 
       1.695155725387e-02       2.433242557697e+04 
       1.708212300369e-02       2.432657359849e+04 
       1.721273520793e-02       2.431925748048e+04 
       1.734339453926e-02       2.431045510888e+04 
       1.747410169245e-02       2.430028130175e+04 
       1.760485738454e-02       2.428866509074e+04 
       1.773566235514e-02       2.427568232914e+04 
       1.786651736667e-02       2.426135307678e+04 
       1.799742320466e-02       2.424563264764e+04 
       1.812838067805e-02       2.422862781866e+04 
       1.825939061949e-02       2.421029661753e+04 
       1.839045388573e-02       2.419066150559e+04 
       1.852157135787e-02       2.416977874261e+04 
       1.865274394186e-02       2.414769762623e+04 
       1.878397256876e-02       2.412431774884e+04 
       1.891525819524e-02       2.409974266299e+04 
       1.904660180393e-02       2.407396733563e+04 
       1.917800440391e-02       2.404705980587e+04 
       1.930946703113e-02       2.401898570637e+04 
       1.944099074890e-02       2.398975061806e+04 
       1.957257664836e-02       2.395943651277e+04 
       1.970422584904e-02       2.392799691344e+04 
       1.983593949931e-02       2.389550812999e+04 
       1.996771877701e-02       2.386193054916e+04 
       2.009956488994e-02       2.382733753777e+04 
       2.023147907651e-02       2.379168397158e+04 
       2.036346260632e-02       2.375504283506e+04 
       2.049551678077e-02       2.371736512016e+04 
       2.062764293372e-02       2.367876037540e+04 
       2.075984243219e-02       2.363920819775e+04 
       2.089211667700e-02       2.359871840406e+04 
       2.102446710353e-02       2.355730227811e+04 
       2.115689518241e-02       2.351497247288e+04 
       2.128940242034e-02       2.347177511519e+04 
       2.142199036082e-02       2.342768399033e+04 
       2.155466058498e-02       2.338274092530e+04 
       2.168741471244e-02       2.333693604261e+04 
       2.182025440212e-02       2.329035702124e+04 
       2.195318135319e-02       2.324293313367e+04 
       2.208619730595e-02       2.319471671207e+04 
       2.221930404276e-02       2.314574512142e+04 
       2.235250338907e-02       2.309602672354e+04 
       2.248579721438e-02       2.304553214573e+04 
       2.261918743329e-02       2.299431616988e+04 
       2.275267600658e-02       2.294235152834e+04 
       2.288626494230e-02       2.288971789247e+04 
       2.301995629691e-02       2.283638913951e+04 
       2.315375217647e-02       2.278239049416e+04 
       2.328765473782e-02       2.272775635590e+04 
       2.342166618987e-02       2.267244910187e+04 
       2.355578879484e-02       2.261650192423e+04 
       2.369002486962e-02       2.255995774657e+04 
       2.382437678712e-02       2.250281439405e+04 
       2.395884697773e-02       2.244506651529e+04 
       2.409343793072e-02       2.238676442164e+04 
       2.422815219576e-02       2.232788360584e+04 
       2.436299238451e-02       2.226845985414e+04 
       2.449796117218e-02       2.220847629507e+04 
       2.463306129922e-02       2.214799402600e+04 
       2.476829557300e-02       2.208698215479e+04 
       2.490366686960e-02       2.202550558701e+04 
       2.503917813561e-02       2.196350477679e+04 
       2.517483239003e-02       2.190105235719e+04 
       2.531063272623e-02       2.183814393997e+04 
       2.544658231393e-02       2.177479393225e+04 
       2.558268440126e-02       2.171093685650e+04 
       2.571894231700e-02       2.164671046479e+04 
       2.585535947268e-02       2.158206000830e+04 
       2.599193936496e-02       2.151701494084e+04 
       2.612868557797e-02       2.145156244712e+04 
       2.626560178578e-02       2.138575620929e+04 
       2.640269175494e-02       2.131955018816e+04 
       2.653995934707e-02       2.125302669120e+04 
       2.667740852165e-02       2.118609825246e+04 
       2.681504333879e-02       2.111888989166e+04 
       2.695286796215e-02       2.105132298843e+04 
       2.709088666198e-02       2.098347502202e+04 
       2.722910381824e-02       2.091528103586e+04 
       2.736752392385e-02       2.084680907295e+04 
       2.750615158803e-02       2.077805135421e+04 
       2.764499153982e-02       2.070905018808e+04 
       2.778404863166e-02       2.063974116105e+04 
       2.792332784316e-02       2.057019693951e+04 
       2.806283428499e-02       2.050038344751e+04 
       2.820257320290e-02       2.043035217610e+04 
       2.834254998192e-02       2.036009573063e+04 
       2.848277015071e-02       2.028959564365e+04 
       2.862323938609e-02       2.021891063887e+04 
       2.876396351769e-02       2.014801930430e+04 
       2.890494853289e-02       2.007694090876e+04 
       2.904620058185e-02       2.000566815214e+04 
       2.918772598278e-02       1.993422117915e+04 
       2.932953122746e-02       1.986260768229e+04 
       2.947162298690e-02       1.979083216335e+04 
       2.961400811733e-02       1.971889715435e+04 
       2.975669366634e-02       1.964681673264e+04 
       2.989968687932e-02       1.957460696540e+04 
       3.004299520624e-02       1.950226341614e+04 
       3.018662630852e-02       1.942978537483e+04 
       3.033058806645e-02       1.935721050340e+04 
       3.047488858669e-02       1.928451668284e+04 
       3.061953621026e-02       1.921172249165e+04 
       3.076453952078e-02       1.913882450099e+04 
       3.090990735316e-02       1.906584866911e+04 
       3.105564880258e-02       1.899277862969e+04 
       3.120177323392e-02       1.891963401007e+04 
       3.134829029166e-02       1.884642612173e+04 
       3.149520991013e-02       1.877314023936e+04 
       3.164254232435e-02       1.869978822845e+04 
       3.179029808124e-02       1.862639654992e+04 
       3.193848805150e-02       1.855293053879e+04 
       3.208712344193e-02       1.847945644964e+04 
       3.223621580842e-02       1.840593055081e+04 
       3.238577706953e-02       1.833237188967e+04 
       3.253581952072e-02       1.825878741050e+04 
       3.268635584932e-02       1.818517246419e+04 
       3.283739915023e-02       1.811154045366e+04 
       3.298896294235e-02       1.803789203854e+04 
       3.314106118598e-02       1.796424513920e+04 
       3.329370830093e-02       1.789057922314e+04 
       3.344691918573e-02       1.781691788197e+04 
       3.360070923774e-02       1.774324268673e+04 
       3.375509437437e-02       1.766958668371e+04 
       3.391009105543e-02       1.759594668340e+04 
       3.406571630664e-02       1.752230246901e+04 
       3.422198774448e-02       1.744867730419e+04 
       3.437892360241e-02       1.737506022240e+04 
       3.453654275848e-02       1.730148635062e+04 
       3.469486476457e-02       1.722791869293e+04 
       3.485390987725e-02       1.715438038925e+04 
       3.501369909046e-02       1.708086754732e+04 
       3.517425417005e-02       1.700739473362e+04 
       3.533559769037e-02       1.693393815243e+04 
       3.549775307306e-02       1.686052690278e+04 
       3.566074462815e-02       1.678715400882e+04 
       3.582459759772e-02       1.671380871208e+04 
       3.598933820215e-02       1.664051144754e+04 
       3.615499368940e-02       1.656725233334e+04 
       3.632159238732e-02       1.649401726157e+04 
       3.648916375931e-02       1.642081972103e+04 
       3.665773846366e-02       1.634767216032e+04 
       3.682734841669e-02       1.627457871454e+04 
       3.699802686019e-02       1.620151865394e+04 
       3.716980843334e-02       1.612851290107e+04 
       3.734272924958e-02       1.605553509524e+04 
       3.751682697879e-02       1.598259125938e+04 
       3.769214093521e-02       1.590970080797e+04 
       3.786871217166e-02       1.583683324318e+04 
       3.804658358053e-02       1.576401723451e+04 
       3.822580000215e-02       1.569122968718e+04 
       3.840640834122e-02       1.561848573860e+04 
       3.858845769192e-02       1.554578668618e+04 
       3.877199947273e-02       1.547309504937e+04 
       3.895708757151e-02       1.540043896610e+04 
       3.914377850209e-02       1.532782324169e+04 
       3.933213157336e-02       1.525520631085e+04 
       3.952220907202e-02       1.518262103332e+04 
       3.971407646039e-02       1.511004459971e+04 
       3.990780259077e-02       1.503749393379e+04 
       4.010345993800e-02       1.496493322899e+04 
       4.030112485210e-02       1.489238767717e+04 
       4.050087783310e-02       1.481984813506e+04 
       4.070280383037e-02       1.474728921512e+04 
       4.090699256916e-02       1.467471406997e+04 
       4.111353890731e-02       1.460214080248e+04 
       4.132254322538e-02       1.452952399873e+04 
       4.153411185426e-02       1.445686533980e+04 
       4.174835754428e-02       1.438417481237e+04 
       4.196539998101e-02       1.431143054176e+04 
       4.218536635301e-02       1.423864418125e+04 
       4.240839197828e-02       1.416577973151e+04 
       4.263462099628e-02       1.409285238966e+04 
       4.286420713423e-02       1.401980423363e+04 
       4.309731455700e-02       1.394669436452e+04 
       4.333411881182e-02       1.387343365684e+04 
       4.357480788048e-02       1.380009973919e+04 
       4.381958335380e-02       1.372659364252e+04 
       4.406866174556e-02       1.365294785189e+04 
       4.432227596589e-02       1.357911440254e+04 
       4.458067697742e-02       1.350510746361e+04 
       4.484413566160e-02       1.343090949651e+04 
       4.511294492738e-02       1.335647057509e+04 
       4.538742210015e-02       1.328178930427e+04 
       4.566791163595e-02       1.320685183588e+04 
       4.595478821419e-02       1.313160633292e+04 
       4.624846027263e-02       1.305602793812e+04 
       4.654937406065e-02       1.298011400306e+04 
       4.685801830220e-02       1.290382942811e+04 
       4.717492957888e-02       1.282713603256e+04 
       4.750069856654e-02       1.274995009685e+04 
       4.783597728775e-02       1.267228044874e+04 
       4.818148757866e-02       1.259407846403e+04 
       4.853803101325e-02       1.251527756000e+04 
       4.890650058467e-02       1.243583204560e+04 
       4.928789451439e-02       1.235565395036e+04 
       4.968333264970e-02       1.227471803071e+04 
       5.009407602417e-02       1.219289797750e+04 
       5.052155030101e-02       1.211013390764e+04 
       5.096737400392e-02       1.202628295158e+04 
       5.143339267606e-02       1.194127977888e+04 
       5.192172040772e-02       1.185494751548e+04 
       5.243479055332e-02       1.176714120918e+04 
       5.297541793516e-02       1.167766491542e+04 
       5.354687541945e-02       1.158627524686e+04 
       5.415298845353e-02       1.149272581593e+04 
       5.479825194868e-02       1.139664903801e+04 
       5.548797469327e-02       1.129765105436e+04 
       5.622845706484e-02       1.119518499099e+04 
       5.702720768215e-02       1.108864997144e+04 
       5.789320277175e-02       1.097711204518e+04 
       5.883718640029e-02       1.085951499766e+04 
       5.987199658258e-02       1.073435793151e+04 
       6.101287511310e-02       1.059970615454e+04 
       6.227766786242e-02       1.045291945510e+04 
       6.368673585642e-02       1.029051876425e+04 
       6.526227383778e-02       1.010794119736e+04 
       6.702661151114e-02       9.899389182798e+03 
       6.899909233839e-02       9.658134509409e+03 
       7.119155738220e-02       9.377197681314e+03 
       7.360352423931e-02       9.051128895244e+03 
       7.621941039388e-02       8.678265002828e+03 
       7.901014361583e-02       8.262855366407e+03 
       8.193916335327e-02       7.815696076873e+03 
       8.496985400445e-02       7.352658911802e+03 
       8.807096711791e-02       6.891946767241e+03 
       9.121872655611e-02       6.450985048016e+03 
       9.439643248959e-02       6.044138395755e+03 
       9.759296860102e-02       5.681382704762e+03 
       1.008011890051e-01       5.367917904397e+03 
       1.040166006171e-01       5.104446499370e+03 
       1.040676959620e-01       5.100651640128e+03 
       1.072364169808e-01       4.887862659964e+03 
       1.104589245710e-01       4.712138495090e+03 
       1.136830750184e-01       4.569182234851e+03 
       1.169082288233e-01       4.449775441120e+03 
       1.201339965306e-01       4.344415135105e+03 
       1.233601411315e-01       4.244135376064e+03 
       1.265865183921e-01       4.141302227553e+03 
       1.298130404833e-01       4.030194665902e+03 
       1.330396538523e-01       3.907462273806e+03 
       1.362663257742e-01       3.772177291006e+03 
       1.394930361833e-01       3.625701013849e+03 
       1.427197727129e-01       3.471164834284e+03 
       1.459465276832e-01       3.312902317093e+03 
       1.491732962727e-01       3.155734928047e+03 
       1.524000754071e-01       3.004360897763e+03 
       1.556268630836e-01       2.862830395936e+03 
       1.588536579605e-01       2.734188157890e+03 
       1.620804591066e-01       2.620298475448e+03 
       1.653072658490e-01       2.521797892576e+03 
       1.685340776791e-01       2.438182199626e+03 
       1.717608941955e-01       2.367971433721e+03 
       1.749877150684e-01       2.308955940301e+03 
       1.782145400177e-01       2.258440435056e+03 
       1.814413687986e-01       2.213520564515e+03 
       1.846682011934e-01       2.171665835213e+03 
       1.878950370048e-01       2.130307456630e+03 
       1.911218760527e-01       2.086923937855e+03 
       1.943487181711e-01       2.040024828467e+03 
       1.975755632062e-01       1.988866917131e+03 
       2.008024110152e-01       1.933486986465e+03 
       2.040292614644e-01       1.874596925721e+03 
       2.072561144293e-01       1.813417492963e+03 
       2.104829697929e-01       1.751437516149e+03 
       2.137098274455e-01       1.690207133530e+03 
       2.169366872843e-01       1.631127771020e+03 
       2.201635492122e-01       1.575380242537e+03 
       2.233904131382e-01       1.523809903393e+03 
       2.266172789761e-01       1.476944842185e+03 
       2.298441466449e-01       1.434987738175e+03 
       2.330710160680e-01       1.397820330448e+03 
       2.362978871731e-01       1.365051238192e+03 
       2.395247598917e-01       1.336028357742e+03 
       2.427516341591e-01       1.309935635047e+03 
       2.459785099138e-01       1.285855562076e+03 
       2.492053870978e-01       1.262878899354e+03 
       2.524322656559e-01       1.240184673411e+03 
       2.556591455357e-01       1.217119416535e+03 
       2.588860266876e-01       1.193227097472e+03 
       2.621129090641e-01       1.168264052346e+03 
       2.653397926205e-01       1.142195769587e+03 
       2.685666773138e-01       1.115159925826e+03 
       2.717935631034e-01       1.087446434588e+03 
       2.750204499505e-01       1.059458537583e+03 
       2.782473378180e-01       1.031649878858e+03 
       2.814742266707e-01       1.004503530915e+03 
       2.847011164749e-01       9.784506635293e+02 
       2.879280071983e-01       9.538344474591e+02 
       2.911548988104e-01       9.308788161382e+02 
       2.943817912816e-01       9.096689636508e+02 
       2.976086845839e-01       8.901685197918e+02 
       3.008355786904e-01       8.722378638410e+02 
       3.040624735754e-01       8.556668021040e+02 
       3.072893692141e-01       8.402043629960e+02 
       3.105162655831e-01       8.255782389167e+02 
       3.137431626596e-01       8.115114861710e+02 
       3.169700604220e-01       7.977517765530e+02 
       3.201969588493e-01       7.840813244366e+02 
       3.234238579216e-01       7.703187964105e+02 
       3.266507576197e-01       7.563609204780e+02 
       3.298776579251e-01       7.421732167096e+02 
       3.331045588201e-01       7.277858146695e+02 
       3.363314602876e-01       7.132848812513e+02 
       3.395583623113e-01       6.987921960048e+02 
       3.427852648753e-01       6.844506161535e+02 
       3.460121679645e-01       6.703819154358e+02 
       3.492390715643e-01       6.567065430520e+02 
       3.524659756605e-01       6.435352238712e+02 
       3.556928802395e-01       6.309285046892e+02 
       3.589197852884e-01       6.189399402369e+02 
       3.621466907945e-01       6.075831660420e+02 
       3.653735967456e-01       5.968411642687e+02 
       3.686005031299e-01       5.866615673720e+02 
       3.718274099363e-01       5.769614112669e+02 
       3.750543171536e-01       5.676469778711e+02 
       3.782812247714e-01       5.586232871503e+02 
       3.815081327794e-01       5.498009181815e+02 
       3.847350411679e-01       5.411129270708e+02 
       3.879619499272e-01       5.325104479141e+02 
       3.911888590481e-01       5.239555271959e+02 
       3.944157685218e-01       5.154372799248e+02 
       3.976426783395e-01       5.069525580302e+02 
       4.008695884930e-01       4.985082270730e+02 
       4.040964989743e-01       4.901269702038e+02 
       4.073234097754e-01       4.818419460808e+02 
       4.105503208887e-01       4.736924605951e+02 
       4.137772323071e-01       4.657160321449e+02 
       4.170041440233e-01       4.579471870151e+02 
       4.202310560305e-01       4.504087700313e+02 
       4.234579683219e-01       4.431101799921e+02 
       4.266848808912e-01       4.360564564456e+02 
       4.299117937320e-01       4.292381188429e+02 
       4.331387068383e-01       4.226441943767e+02 
       4.363656202041e-01       4.162652739637e+02 
       4.395925338237e-01       4.100830578627e+02 
       4.428194476915e-01       4.040792182511e+02 
       4.460463618021e-01       3.982276129034e+02 
       4.492732761504e-01       3.925011740828e+02 
       4.525001907311e-01       3.868785281541e+02 
       4.557271055393e-01       3.813372974796e+02 
       4.589540205702e-01       3.758617105360e+02 
       4.621809358191e-01       3.704463331627e+02 
       4.654078512815e-01       3.650895742096e+02 
       4.686347669529e-01       3.597999052428e+02 
       4.718616828291e-01       3.545762102839e+02 
       4.750885989059e-01       3.494299428440e+02 
       4.783155151791e-01       3.443637481316e+02 
       4.815424316448e-01       3.393883991310e+02 
       4.847693482992e-01       3.345132485274e+02 
       4.879962651385e-01       3.297504743024e+02 
       4.912231821591e-01       3.251048310115e+02 
       4.944500993573e-01       3.205841567583e+02 
       4.976770167298e-01       3.161843168753e+02 
       5.009039342731e-01       3.119004134045e+02 
       5.041308519840e-01       3.077216229643e+02 
       5.073577698592e-01       3.036385223402e+02 
       5.105846878956e-01       2.996409372400e+02 
       5.138116060902e-01       2.957208176984e+02 
       5.170385244400e-01       2.918708276790e+02 
       5.202654429422e-01       2.880846881573e+02 
       5.234923615938e-01       2.843575824750e+02 
       5.267192803921e-01       2.806817078644e+02 
       5.299461993344e-01       2.770553917487e+02 
       5.331731184182e-01       2.734764968368e+02 
       5.364000376409e-01       2.699449026410e+02 
       5.396269569998e-01       2.664669769836e+02 
       5.428538764927e-01       2.630465772658e+02 
       5.460807961172e-01       2.596863842911e+02 
       5.493077158708e-01       2.563888434501e+02 
       5.525346357514e-01       2.531541923360e+02 
       5.557615557567e-01       2.499805340494e+02 
       5.589884758846e-01       2.468670114748e+02 
       5.622153961329e-01       2.438135405861e+02 
       5.654423164995e-01       2.408191031123e+02 
       5.686692369826e-01       2.378843308633e+02 
       5.718961575800e-01       2.350073126185e+02 
       5.751230782898e-01       2.321841472388e+02 
       5.783499991102e-01       2.294120045539e+02 
       5.815769200394e-01       2.266859031850e+02 
       5.848038410754e-01       2.240035433058e+02 
       5.880307622166e-01       2.213611446412e+02 
       5.912576834611e-01       2.187601580763e+02 
       5.944846048075e-01       2.161984312270e+02 
       5.977115262538e-01       2.136759838575e+02 
       6.009384477987e-01       2.111919705543e+02 
       6.041653694404e-01       2.087445167390e+02 
       6.073922911775e-01       2.063331328058e+02 
       6.106192130084e-01       2.039562516526e+02 
       6.138461349316e-01       2.016148415445e+02 
       6.170730569457e-01       1.993098482353e+02 
       6.202999790492e-01       1.970437668471e+02 
       6.235269012408e-01       1.948164766698e+02 
       6.267538235191e-01       1.926278647243e+02 
       6.299807458828e-01       1.904762968927e+02 
       6.332076683305e-01       1.883591910237e+02 
       6.364345908610e-01       1.862764320896e+02 
       6.396615134731e-01       1.842263462559e+02 
       6.428884361654e-01       1.822087696409e+02 
       6.461153589368e-01       1.802237780708e+02 
       6.493422817861e-01       1.782703280207e+02 
       6.525692047121e-01       1.763472910591e+02 
       6.557961277137e-01       1.744523471119e+02 
       6.590230507899e-01       1.725839707719e+02 
       6.622499739394e-01       1.707409036412e+02 
       6.654768971613e-01       1.689235133130e+02 
       6.687038204544e-01       1.671318666733e+02 
       6.719307438178e-01       1.653666188570e+02 
       6.751576672505e-01       1.636277471692e+02 
       6.783845907514e-01       1.619149448328e+02 
       6.816115143195e-01       1.602265119466e+02 
       6.848384379540e-01       1.585618267777e+02 
       6.880653616539e-01       1.569204054376e+02 
       6.912922854183e-01       1.553022333477e+02 
       6.945192092462e-01       1.537078732063e+02 
       6.977461331369e-01       1.521377063796e+02 
       7.009730570893e-01       1.505919573597e+02 
       7.041999811027e-01       1.490690540893e+02 
       7.074269051763e-01       1.475681297928e+02 
       7.106538293092e-01       1.460880341459e+02 
       7.138807535005e-01       1.446276777577e+02 
       7.171076777496e-01       1.431873372435e+02 
       7.203346020556e-01       1.417669620670e+02 
       7.235615264178e-01       1.403667138066e+02 
       7.267884508354e-01       1.389864236769e+02 
       7.300153753077e-01       1.376252185871e+02 
       7.332422998340e-01       1.362821218494e+02 
       7.364692244135e-01       1.349562237479e+02 
       7.396961490456e-01       1.336473943843e+02 
       7.429230737296e-01       1.323552160197e+02 
       7.461499984647e-01       1.310808410342e+02 
       7.493769232504e-01       1.298240411578e+02 
       7.526038480859e-01       1.285847567024e+02 
       7.558307729707e-01       1.273625026635e+02 
       8.254834615704e-01       1.044993960257e+02 
       9.260355997576e-01       8.051251328609e+01 
       1.085587640843e+00       5.586625596272e+01 
       1.338476910457e+00       3.424331328213e+01 
       1.682651374321e+00       1.986883656066e+01 
