# Matter power spectrum P(k) at redshift z=0
# for k=1.04892e-05 to 1.68265 h/Mpc,
# number of wavenumbers equal to 605
#    1:k (h/Mpc)              2:P (Mpc/h)^3        
       1.048919079686e-05       7.243252810666e+12 
       2.342249831168e-05       2.543682989310e+10 
       3.640164936955e-05       1.144244793138e+09 
       4.946185059161e-05       1.325804332959e+08 
       6.263889554320e-05       2.526129026139e+07 
       7.596948648479e-05       6.546749938201e+06 
       8.949156649002e-05       2.093939313228e+06 
       1.032446663814e-04       7.814073748550e+05 
       1.172702709675e-04       3.287808451603e+05 
       1.316122091007e-04       1.525875866820e+05 
       1.463170720765e-04       7.701668057509e+04 
       1.614346648338e-04       4.189517591622e+04 
       1.770184942226e-04       2.441892406574e+04 
       1.931262982156e-04       1.519196087002e+04 
       2.098206192416e-04       1.005986084773e+04 
       2.271694236861e-04       7.071689553383e+03 
       2.452467678413e-04       5.261729389992e+03 
       2.641335079869e-04       4.128515210025e+03 
       2.839180485322e-04       3.400993755993e+03 
       3.046971169280e-04       2.926499675344e+03 
       3.265765469437e-04       2.616378466945e+03 
       3.496720425011e-04       2.417215023721e+03 
       3.741098821589e-04       2.295864283451e+03 
       4.000275093102e-04       2.231210902794e+03 
       4.275739352457e-04       2.209440878486e+03 
       4.569098620517e-04       2.221670630197e+03 
       4.882074113659e-04       2.261635684775e+03 
       5.216493260920e-04       2.325136840844e+03 
       5.574274997115e-04       2.409264288023e+03 
       5.957406881198e-04       2.512033068453e+03 
       6.367912797490e-04       2.632077912433e+03 
       6.807810493308e-04       2.768475689519e+03 
       7.279059053347e-04       2.920573270989e+03 
       7.783497619106e-04       3.087869916730e+03 
       8.322778148231e-04       3.270009547766e+03 
       8.898296569348e-04       3.466631603135e+03 
       9.511127999282e-04       3.677332677856e+03 
       1.016197236617e-03       3.901676684021e+03 
       1.085111648951e-03       4.139119835788e+03 
       1.157841726199e-03       4.388987873893e+03 
       1.234330820602e-03       4.650536477555e+03 
       1.314482878604e-03       4.922839538563e+03 
       1.398167306859e-03       5.204951629621e+03 
       1.485225223232e-03       5.495836450492e+03 
       1.575476441932e-03       5.794482519398e+03 
       1.668726554502e-03       6.099795159748e+03 
       1.764773572144e-03       6.410730955442e+03 
       1.863413750653e-03       6.726263792905e+03 
       1.964446386765e-03       7.045426419612e+03 
       2.067677522922e-03       7.367303785155e+03 
       2.172922609279e-03       7.691042216856e+03 
       2.280008242964e-03       8.015903754572e+03 
       2.388773139610e-03       8.341126027709e+03 
       2.499068499816e-03       8.666166493034e+03 
       2.610757922870e-03       8.990392668669e+03 
       2.723717000007e-03       9.313343608341e+03 
       2.837832695739e-03       9.634543621695e+03 
       2.953002602204e-03       9.953653342609e+03 
       3.069134130392e-03       1.027031006652e+04 
       3.186143684264e-03       1.058420402811e+04 
       3.303955849573e-03       1.089511466912e+04 
       3.422502618153e-03       1.120279238781e+04 
       3.541722660247e-03       1.150710147155e+04 
       3.661560651500e-03       1.180779912548e+04 
       3.781966657068e-03       1.210480412992e+04 
       3.902895572507e-03       1.239799953151e+04 
       4.024306619249e-03       1.268726671513e+04 
       4.146162891424e-03       1.297255693093e+04 
       4.268430950172e-03       1.325380281831e+04 
       4.391080461358e-03       1.353092419498e+04 
       4.514083872622e-03       1.380389373173e+04 
       4.637416125802e-03       1.407268038894e+04 
       4.761054401048e-03       1.433729853763e+04 
       4.884977889182e-03       1.459769065504e+04 
       5.009167589186e-03       1.485386184103e+04 
       5.133606127990e-03       1.510581527194e+04 
       5.258277600030e-03       1.535356603792e+04 
       5.383167424306e-03       1.559712817734e+04 
       5.508262216924e-03       1.583651828339e+04 
       5.633549677359e-03       1.607172071305e+04 
       5.759018486842e-03       1.630276291351e+04 
       5.884658217485e-03       1.652968304862e+04 
       6.010459250928e-03       1.675253904944e+04 
       6.136412705410e-03       1.697130230578e+04 
       6.262510370328e-03       1.718603884412e+04 
       6.388744647431e-03       1.739673254683e+04 
       6.515108497919e-03       1.760342929618e+04 
       6.641595394793e-03       1.780621843750e+04 
       6.768199279874e-03       1.800511470114e+04 
       6.894914525005e-03       1.820008118162e+04 
       7.021735896960e-03       1.839124237877e+04 
       7.148658525684e-03       1.857860292568e+04 
       7.275677875512e-03       1.876218699651e+04 
       7.402789719043e-03       1.894203467236e+04 
       7.529990113420e-03       1.911819474625e+04 
       7.657275378741e-03       1.929066441078e+04 
       7.784642078406e-03       1.945957848621e+04 
       7.912087001207e-03       1.962488599081e+04 
       8.039607144972e-03       1.978661777281e+04 
       8.167199701634e-03       1.994491101298e+04 
       8.294862043564e-03       2.009967650127e+04 
       8.422591711069e-03       2.025104938782e+04 
       8.550386400927e-03       2.039899349360e+04 
       8.678243955877e-03       2.054363560653e+04 
       8.806162354961e-03       2.068493183892e+04 
       8.934139704655e-03       2.082294868084e+04 
       9.062174230706e-03       2.095770150727e+04 
       9.190264270616e-03       2.108928068298e+04 
       9.318408266721e-03       2.121767094115e+04 
       9.446604759802e-03       2.134293307790e+04 
       9.574852383194e-03       2.146509774452e+04 
       9.703149857342e-03       2.158420523733e+04 
       9.831495984768e-03       2.170025865329e+04 
       9.959889645419e-03       2.181333494746e+04 
       1.008832979236e-02       2.192345526756e+04 
       1.021681544777e-02       2.203062531138e+04 
       1.034534569928e-02       2.213493586130e+04 
       1.047391969651e-02       2.223637754426e+04 
       1.060253664790e-02       2.233500806408e+04 
       1.073119581776e-02       2.243085420290e+04 
       1.085989652353e-02       2.252392447932e+04 
       1.098863813325e-02       2.261428324120e+04 
       1.111742006316e-02       2.270192473157e+04 
       1.124624177552e-02       2.278694773942e+04 
       1.137510277657e-02       2.286934108271e+04 
       1.150400261463e-02       2.294909708531e+04 
       1.163294087831e-02       2.302631751030e+04 
       1.176191719489e-02       2.310098171335e+04 
       1.189093122879e-02       2.317316719410e+04 
       1.201998268012e-02       2.324288291634e+04 
       1.214907128339e-02       2.331015003214e+04 
       1.227819680627e-02       2.337497908635e+04 
       1.240735904841e-02       2.343745451073e+04 
       1.253655784046e-02       2.349757350696e+04 
       1.266579304300e-02       2.355536875390e+04 
       1.279506454567e-02       2.361085644541e+04 
       1.292437226630e-02       2.366407716807e+04 
       1.305371615015e-02       2.371504890336e+04 
       1.318309616917e-02       2.376382833204e+04 
       1.331251232131e-02       2.381041172392e+04 
       1.344196462994e-02       2.385485561846e+04 
       1.357145314323e-02       2.389716649940e+04 
       1.370097793367e-02       2.393736520003e+04 
       1.383053909758e-02       2.397548836018e+04 
       1.396013675464e-02       2.401158240617e+04 
       1.408977104754e-02       2.404562987783e+04 
       1.421944214156e-02       2.407768304087e+04 
       1.434915022432e-02       2.410776098381e+04 
       1.447889550539e-02       2.413591787464e+04 
       1.460867821612e-02       2.416212620784e+04 
       1.473849860935e-02       2.418644067866e+04 
       1.486835695925e-02       2.420886841766e+04 
       1.499825356110e-02       2.422949993526e+04 
       1.512818873119e-02       2.424826877414e+04 
       1.525816280667e-02       2.426523495443e+04 
       1.538817614546e-02       2.428043426479e+04 
       1.551822912620e-02       2.429386069157e+04 
       1.564832214816e-02       2.430558889281e+04 
       1.577845563125e-02       2.431559109723e+04 
       1.590863001601e-02       2.432391453432e+04 
       1.603884576359e-02       2.433058048998e+04 
       1.616910335585e-02       2.433559983888e+04 
       1.629940329535e-02       2.433895956669e+04 
       1.642974610548e-02       2.434079703667e+04 
       1.656013233051e-02       2.434103235650e+04 
       1.669056253574e-02       2.433970093943e+04 
       1.682103730762e-02       2.433686214685e+04 
       1.695155725387e-02       2.433249402445e+04 
       1.708212300369e-02       2.432664127540e+04 
       1.721273520793e-02       2.431932438411e+04 
       1.734339453926e-02       2.431052125878e+04 
       1.747410169245e-02       2.430034670047e+04 
       1.760485738454e-02       2.428872978538e+04 
       1.773566235514e-02       2.427574630961e+04 
       1.786651736667e-02       2.426141632461e+04 
       1.799742320466e-02       2.424569521046e+04 
       1.812838067805e-02       2.422868969690e+04 
       1.825939061949e-02       2.421035785305e+04 
       1.839045388573e-02       2.419072208424e+04 
       1.852157135787e-02       2.416983864671e+04 
       1.865274394186e-02       2.414775687318e+04 
       1.878397256876e-02       2.412437636042e+04 
       1.891525819524e-02       2.409980064318e+04 
       1.904660180393e-02       2.407402468625e+04 
       1.917800440391e-02       2.404711655765e+04 
       1.930946703113e-02       2.401904184526e+04 
       1.944099074890e-02       2.398980616630e+04 
       1.957257664836e-02       2.395949147537e+04 
       1.970422584904e-02       2.392805130461e+04 
       1.983593949931e-02       2.389556195053e+04 
       1.996771877701e-02       2.386198380839e+04 
       2.009956488994e-02       2.382739024211e+04 
       2.023147907651e-02       2.379173612772e+04 
       2.036346260632e-02       2.375509445263e+04 
       2.049551678077e-02       2.371741620051e+04 
       2.062764293372e-02       2.367881093340e+04 
       2.075984243219e-02       2.363925824199e+04 
       2.089211667700e-02       2.359876792551e+04 
       2.102446710353e-02       2.355735129146e+04 
       2.115689518241e-02       2.351502101349e+04 
       2.128940242034e-02       2.347182314946e+04 
       2.142199036082e-02       2.342773154725e+04 
       2.155466058498e-02       2.338278799489e+04 
       2.168741471244e-02       2.333698263659e+04 
       2.182025440212e-02       2.329040315121e+04 
       2.195318135319e-02       2.324297880650e+04 
       2.208619730595e-02       2.319476192568e+04 
       2.221930404276e-02       2.314578988981e+04 
       2.235250338907e-02       2.309607104761e+04 
       2.248579721438e-02       2.304557603563e+04 
       2.261918743329e-02       2.299435963119e+04 
       2.275267600658e-02       2.294239454838e+04 
       2.288626494230e-02       2.288976049205e+04 
       2.301995629691e-02       2.283643132699e+04 
       2.315375217647e-02       2.278243226649e+04 
       2.328765473782e-02       2.272779772562e+04 
       2.342166618987e-02       2.267249006130e+04 
       2.355578879484e-02       2.261654249121e+04 
       2.369002486962e-02       2.255999792298e+04 
       2.382437678712e-02       2.250285418544e+04 
       2.395884697773e-02       2.244510591632e+04 
       2.409343793072e-02       2.238680343933e+04 
       2.422815219576e-02       2.232792225525e+04 
       2.436299238451e-02       2.226849815745e+04 
       2.449796117218e-02       2.220851420831e+04 
       2.463306129922e-02       2.214803159031e+04 
       2.476829557300e-02       2.208701934959e+04 
       2.490366686960e-02       2.202554243312e+04 
       2.503917813561e-02       2.196354126774e+04 
       2.517483239003e-02       2.190108851201e+04 
       2.531063272623e-02       2.183817975888e+04 
       2.544658231393e-02       2.177482940183e+04 
       2.558268440126e-02       2.171097196756e+04 
       2.571894231700e-02       2.164674526832e+04 
       2.585535947268e-02       2.158209449245e+04 
       2.599193936496e-02       2.151704909889e+04 
       2.612868557797e-02       2.145159628903e+04 
       2.626560178578e-02       2.138578971600e+04 
       2.640269175494e-02       2.131958341415e+04 
       2.653995934707e-02       2.125305958788e+04 
       2.667740852165e-02       2.118613085697e+04 
       2.681504333879e-02       2.111892219426e+04 
       2.695286796215e-02       2.105135500170e+04 
       2.709088666198e-02       2.098350672663e+04 
       2.722910381824e-02       2.091531245104e+04 
       2.736752392385e-02       2.084684018812e+04 
       2.750615158803e-02       2.077808220016e+04 
       2.764499153982e-02       2.070908074106e+04 
       2.778404863166e-02       2.063977143806e+04 
       2.792332784316e-02       2.057022696113e+04 
       2.806283428499e-02       2.050041318062e+04 
       2.820257320290e-02       2.043038162932e+04 
       2.834254998192e-02       2.036012492650e+04 
       2.848277015071e-02       2.028962456464e+04 
       2.862323938609e-02       2.021893929903e+04 
       2.876396351769e-02       2.014804770080e+04 
       2.890494853289e-02       2.007696905064e+04 
       2.904620058185e-02       2.000569604206e+04 
       2.918772598278e-02       1.993424881279e+04 
       2.932953122746e-02       1.986263506549e+04 
       2.947162298690e-02       1.979085929791e+04 
       2.961400811733e-02       1.971892404435e+04 
       2.975669366634e-02       1.964684338969e+04 
       2.989968687932e-02       1.957463337345e+04 
       3.004299520624e-02       1.950228958709e+04 
       3.018662630852e-02       1.942981131217e+04 
       3.033058806645e-02       1.935723620828e+04 
       3.047488858669e-02       1.928454215891e+04 
       3.061953621026e-02       1.921174773906e+04 
       3.076453952078e-02       1.913884952041e+04 
       3.090990735316e-02       1.906587346711e+04 
       3.105564880258e-02       1.899280318420e+04 
       3.120177323392e-02       1.891965836839e+04 
       3.134829029166e-02       1.884645026294e+04 
       3.149520991013e-02       1.877316417255e+04 
       3.164254232435e-02       1.869981193226e+04 
       3.179029808124e-02       1.862642004074e+04 
       3.193848805150e-02       1.855295382678e+04 
       3.208712344193e-02       1.847947952502e+04 
       3.223621580842e-02       1.840595342053e+04 
       3.238577706953e-02       1.833239455479e+04 
       3.253581952072e-02       1.825880988213e+04 
       3.268635584932e-02       1.818519472855e+04 
       3.283739915023e-02       1.811156252356e+04 
       3.298896294235e-02       1.803791390847e+04 
       3.314106118598e-02       1.796426681230e+04 
       3.329370830093e-02       1.789060070390e+04 
       3.344691918573e-02       1.781693917440e+04 
       3.360070923774e-02       1.774326378893e+04 
       3.375509437437e-02       1.766960760066e+04 
       3.391009105543e-02       1.759596740552e+04 
       3.406571630664e-02       1.752232300996e+04 
       3.422198774448e-02       1.744869765684e+04 
       3.437892360241e-02       1.737508039734e+04 
       3.453654275848e-02       1.730150634096e+04 
       3.469486476457e-02       1.722793849766e+04 
       3.485390987725e-02       1.715440001920e+04 
       3.501369909046e-02       1.708088699609e+04 
       3.517425417005e-02       1.700741402753e+04 
       3.533559769037e-02       1.693395726164e+04 
       3.549775307306e-02       1.686054583059e+04 
       3.566074462815e-02       1.678717277920e+04 
       3.582459759772e-02       1.671382730552e+04 
       3.598933820215e-02       1.664052987124e+04 
       3.615499368940e-02       1.656727059087e+04 
       3.632159238732e-02       1.649403536413e+04 
       3.648916375931e-02       1.642083764062e+04 
       3.665773846366e-02       1.634768991935e+04 
       3.682734841669e-02       1.627459631240e+04 
       3.699802686019e-02       1.620153608870e+04 
       3.716980843334e-02       1.612853017408e+04 
       3.734272924958e-02       1.605555222534e+04 
       3.751682697879e-02       1.598260821098e+04 
       3.769214093521e-02       1.590971761163e+04 
       3.786871217166e-02       1.583684989834e+04 
       3.804658358053e-02       1.576403372827e+04 
       3.822580000215e-02       1.569124602756e+04 
       3.840640834122e-02       1.561850192216e+04 
       3.858845769192e-02       1.554580271742e+04 
       3.877199947273e-02       1.547311092653e+04 
       3.895708757151e-02       1.540045470108e+04 
       3.914377850209e-02       1.532783882460e+04 
       3.933213157336e-02       1.525522173881e+04 
       3.952220907202e-02       1.518263631574e+04 
       3.971407646039e-02       1.511005973346e+04 
       3.990780259077e-02       1.503750891627e+04 
       4.010345993800e-02       1.496494807519e+04 
       4.030112485210e-02       1.489240237351e+04 
       4.050087783310e-02       1.481986267932e+04 
       4.070280383037e-02       1.474730362472e+04 
       4.090699256916e-02       1.467472833020e+04 
       4.111353890731e-02       1.460215493315e+04 
       4.132254322538e-02       1.452953797183e+04 
       4.153411185426e-02       1.445687917247e+04 
       4.174835754428e-02       1.438418850877e+04 
       4.196539998101e-02       1.431144409489e+04 
       4.218536635301e-02       1.423865757723e+04 
       4.240839197828e-02       1.416579300462e+04 
       4.263462099628e-02       1.409286552118e+04 
       4.286420713423e-02       1.401981722597e+04 
       4.309731455700e-02       1.394670720670e+04 
       4.333411881182e-02       1.387344636546e+04 
       4.357480788048e-02       1.380011230403e+04 
       4.381958335380e-02       1.372660607507e+04 
       4.406866174556e-02       1.365296013917e+04 
       4.432227596589e-02       1.357912655434e+04 
       4.458067697742e-02       1.350511947719e+04 
       4.484413566160e-02       1.343092136861e+04 
       4.511294492738e-02       1.335648230666e+04 
       4.538742210015e-02       1.328180089658e+04 
       4.566791163595e-02       1.320686329525e+04 
       4.595478821419e-02       1.313161765857e+04 
       4.624846027263e-02       1.305603911134e+04 
       4.654937406065e-02       1.298012503604e+04 
       4.685801830220e-02       1.290384031624e+04 
       4.717492957888e-02       1.282714678588e+04 
       4.750069856654e-02       1.274996069432e+04 
       4.783597728775e-02       1.267229092282e+04 
       4.818148757866e-02       1.259408877261e+04 
       4.853803101325e-02       1.251528773427e+04 
       4.890650058467e-02       1.243584206908e+04 
       4.928789451439e-02       1.235566381909e+04 
       4.968333264970e-02       1.227472775427e+04 
       5.009407602417e-02       1.219290754592e+04 
       5.052155030101e-02       1.211014332513e+04 
       5.096737400392e-02       1.202629221227e+04 
       5.143339267606e-02       1.194128887424e+04 
       5.192172040772e-02       1.185495645256e+04 
       5.243479055332e-02       1.176714997889e+04 
       5.297541793516e-02       1.167767352216e+04 
       5.354687541945e-02       1.158628367943e+04 
       5.415298845353e-02       1.149273406877e+04 
       5.479825194868e-02       1.139665711083e+04 
       5.548797469327e-02       1.129765893954e+04 
       5.622845706484e-02       1.119519268552e+04 
       5.702720768215e-02       1.108865747281e+04 
       5.789320277175e-02       1.097711933483e+04 
       5.883718640029e-02       1.085952207256e+04 
       5.987199658258e-02       1.073436478131e+04 
       6.101287511310e-02       1.059971276846e+04 
       6.227766786242e-02       1.045292582145e+04 
       6.368673585642e-02       1.029052486603e+04 
       6.526227383778e-02       1.010794703214e+04 
       6.702661151114e-02       9.899394725199e+03 
       6.899909233839e-02       9.658139747421e+03 
       7.119155738220e-02       9.377202600398e+03 
       7.360352423931e-02       9.051133490615e+03 
       7.621941039388e-02       8.678269272423e+03 
       7.901014361583e-02       8.262859307531e+03 
       8.193916335327e-02       7.815699704217e+03 
       8.496985400445e-02       7.352662238445e+03 
       8.807096711791e-02       6.891949817439e+03 
       9.121872655611e-02       6.450987846437e+03 
       9.439643248959e-02       6.044140970612e+03 
       9.759296860102e-02       5.681385073214e+03 
       1.008011890051e-01       5.367920095001e+03 
       1.040166006171e-01       5.104448536018e+03 
       1.040676959620e-01       5.100653676046e+03 
       1.072364169808e-01       4.887864560610e+03 
       1.104589245710e-01       4.712140279253e+03 
       1.136830750184e-01       4.569183915677e+03 
       1.169082288233e-01       4.449777030086e+03 
       1.201339965306e-01       4.344416640856e+03 
       1.233601411315e-01       4.244136804629e+03 
       1.265865183921e-01       4.141303583682e+03 
       1.298130404833e-01       4.030195953231e+03 
       1.330396538523e-01       3.907463494061e+03 
       1.362663257742e-01       3.772178446515e+03 
       1.394930361833e-01       3.625702106999e+03 
       1.427197727129e-01       3.471165866821e+03 
       1.459465276832e-01       3.312903290135e+03 
       1.491732962727e-01       3.155735847419e+03 
       1.524000754071e-01       3.004361765897e+03 
       1.556268630836e-01       2.862831216166e+03 
       1.588536579605e-01       2.734188933903e+03 
       1.620804591066e-01       2.620299211905e+03 
       1.653072658490e-01       2.521798593494e+03 
       1.685340776791e-01       2.438182866458e+03 
       1.717608941955e-01       2.367972073826e+03 
       1.749877150684e-01       2.308956554661e+03 
       1.782145400177e-01       2.258441025353e+03 
       1.814413687986e-01       2.213521132670e+03 
       1.846682011934e-01       2.171666395889e+03 
       1.878950370048e-01       2.130307984326e+03 
       1.911218760527e-01       2.086924446484e+03 
       1.943487181711e-01       2.040025141867e+03 
       1.975755632062e-01       1.988867388324e+03 
       2.008024110152e-01       1.933487439893e+03 
       2.040292614644e-01       1.874597360842e+03 
       2.072561144293e-01       1.813417910595e+03 
       2.104829697929e-01       1.751439184664e+03 
       2.137098274455e-01       1.690207517503e+03 
       2.169366872843e-01       1.631128139652e+03 
       2.201635492122e-01       1.575380596286e+03 
       2.233904131382e-01       1.523810243496e+03 
       2.266172789761e-01       1.476945169519e+03 
       2.298441466449e-01       1.434988053652e+03 
       2.330710160680e-01       1.397820635036e+03 
       2.362978871731e-01       1.365051532696e+03 
       2.395247598917e-01       1.336028642868e+03 
       2.427516341591e-01       1.309935911318e+03 
       2.459785099138e-01       1.285854074676e+03 
       2.492053870978e-01       1.262879159553e+03 
       2.524322656559e-01       1.240184926018e+03 
       2.556591455357e-01       1.217119661783e+03 
       2.588860266876e-01       1.193227335644e+03 
       2.621129090641e-01       1.168264283255e+03 
       2.653397926205e-01       1.142195015221e+03 
       2.685666773138e-01       1.115160142758e+03 
       2.717935631034e-01       1.087447813247e+03 
       2.750204499505e-01       1.059458741103e+03 
       2.782473378180e-01       1.031650075893e+03 
       2.814742266707e-01       1.004501903965e+03 
       2.847011164749e-01       9.784508484580e+02 
       2.879280071983e-01       9.538346267727e+02 
       2.911548988104e-01       9.308780291904e+02 
       2.943817912816e-01       9.096691325760e+02 
       2.976086845839e-01       8.901686839084e+02 
       3.008355786904e-01       8.722380235168e+02 
       3.040624735754e-01       8.556669576046e+02 
       3.072893692141e-01       8.402045144145e+02 
       3.105162655831e-01       8.255783864153e+02 
       3.137431626596e-01       8.115116288836e+02 
       3.169700604220e-01       7.977519167659e+02 
       3.201969588493e-01       7.840814611162e+02 
       3.234238579216e-01       7.703184363946e+02 
       3.266507576197e-01       7.563613302206e+02 
       3.298776579251e-01       7.421733432466e+02 
       3.331045588201e-01       7.277859381000e+02 
       3.363314602876e-01       7.132858081781e+02 
       3.395583623113e-01       6.987944231318e+02 
       3.427852648753e-01       6.844507300753e+02 
       3.460121679645e-01       6.703820265433e+02 
       3.492390715643e-01       6.567066512278e+02 
       3.524659756605e-01       6.435352211429e+02 
       3.556928802395e-01       6.309286075589e+02 
       3.589197852884e-01       6.189400403725e+02 
       3.621466907945e-01       6.075832639889e+02 
       3.653735967456e-01       5.968412598735e+02 
       3.686005031299e-01       5.866616607694e+02 
       3.718274099363e-01       5.769615025571e+02 
       3.750543171536e-01       5.676470670678e+02 
       3.782812247714e-01       5.586233744052e+02 
       3.815081327794e-01       5.498010034293e+02 
       3.847350411679e-01       5.411149503823e+02 
       3.879619499272e-01       5.325105294624e+02 
       3.911888590481e-01       5.239556069445e+02 
       3.944157685218e-01       5.154373579003e+02 
       3.976426783395e-01       5.069504498503e+02 
       4.008695884930e-01       4.985083018324e+02 
       4.040964989743e-01       4.901270431254e+02 
       4.073234097754e-01       4.818420173334e+02 
       4.105503208887e-01       4.736925303046e+02 
       4.137772323071e-01       4.657161003785e+02 
       4.170041440233e-01       4.579471061573e+02 
       4.202310560305e-01       4.504088353040e+02 
       4.234579683219e-01       4.431102343475e+02 
       4.266848808912e-01       4.360565189570e+02 
       4.299117937320e-01       4.292381800521e+02 
       4.331387068383e-01       4.226459537008e+02 
       4.363656202041e-01       4.162653326858e+02 
       4.395925338237e-01       4.100831153889e+02 
       4.428194476915e-01       4.040794085565e+02 
       4.460463618021e-01       3.982276681457e+02 
       4.492732761504e-01       3.925012281038e+02 
       4.525001907311e-01       3.868785811732e+02 
       4.557271055393e-01       3.813373494878e+02 
       4.589540205702e-01       3.758605661100e+02 
       4.621809358191e-01       3.704457111019e+02 
       4.654078512815e-01       3.650896232223e+02 
       4.686347669529e-01       3.597984704437e+02 
       4.718616828291e-01       3.545762563059e+02 
       4.750885989059e-01       3.494299889677e+02 
       4.783155151791e-01       3.443637933236e+02 
       4.815424316448e-01       3.393884435189e+02 
       4.847693482992e-01       3.345144453845e+02 
       4.879962651385e-01       3.297505169692e+02 
       4.912231821591e-01       3.251047958614e+02 
       4.944500993573e-01       3.205834090464e+02 
       4.976770167298e-01       3.161837299455e+02 
       5.009039342731e-01       3.119004569868e+02 
       5.041308519840e-01       3.077216617636e+02 
       5.073577698592e-01       3.036391957744e+02 
       5.105846878956e-01       2.996409746344e+02 
       5.138116060902e-01       2.957209284191e+02 
       5.170385244400e-01       2.918708637257e+02 
       5.202654429422e-01       2.880847235383e+02 
       5.234923615938e-01       2.843571298193e+02 
       5.267192803921e-01       2.806824344788e+02 
       5.299461993344e-01       2.770560024401e+02 
       5.331731184182e-01       2.734765297399e+02 
       5.364000376409e-01       2.699449352705e+02 
       5.396269569998e-01       2.664677314164e+02 
       5.428538764927e-01       2.630461427163e+02 
       5.460807961172e-01       2.596865468878e+02 
       5.493077158708e-01       2.563888734925e+02 
       5.525346357514e-01       2.531542218568e+02 
       5.557615557567e-01       2.499805601975e+02 
       5.589884758846e-01       2.468670401422e+02 
       5.622153961329e-01       2.438131170689e+02 
       5.654423164995e-01       2.408193896558e+02 
       5.686692369826e-01       2.378843578812e+02 
       5.718961575800e-01       2.350070606851e+02 
       5.751230782898e-01       2.321841733505e+02 
       5.783499991102e-01       2.294121265636e+02 
       5.815769200394e-01       2.266859284141e+02 
       5.848038410754e-01       2.240032879120e+02 
       5.880307622166e-01       2.213612530162e+02 
       5.912576834611e-01       2.187601785597e+02 
       5.944846048075e-01       2.161984547708e+02 
       5.977115262538e-01       2.136760513487e+02 
       6.009384477987e-01       2.111922423154e+02 
       6.041653694404e-01       2.087450165787e+02 
       6.073922911775e-01       2.063330475394e+02 
       6.106192130084e-01       2.039563008648e+02 
       6.138461349316e-01       2.016147533600e+02 
       6.170730569457e-01       1.993098692270e+02 
       6.202999790492e-01       1.970439475246e+02 
       6.235269012408e-01       1.948167858114e+02 
       6.267538235191e-01       1.926278846225e+02 
       6.299807458828e-01       1.904761274980e+02 
       6.332076683305e-01       1.883592099974e+02 
       6.364345908610e-01       1.862764510265e+02 
       6.396615134731e-01       1.842263648894e+02 
       6.428884361654e-01       1.822088142654e+02 
       6.461153589368e-01       1.802237128739e+02 
       6.493422817861e-01       1.782703457752e+02 
       6.525692047121e-01       1.763472735863e+02 
       6.557961277137e-01       1.744523644797e+02 
       6.590230507899e-01       1.725841499317e+02 
       6.622499739394e-01       1.707411400851e+02 
       6.654768971613e-01       1.689235297897e+02 
       6.687038204544e-01       1.671318827640e+02 
       6.719307438178e-01       1.653666453855e+02 
       6.751576672505e-01       1.636278046463e+02 
       6.783845907514e-01       1.619149601627e+02 
       6.816115143195e-01       1.602263772044e+02 
       6.848384379540e-01       1.585618602963e+02 
       6.880653616539e-01       1.569204200470e+02 
       6.912922854183e-01       1.553022477345e+02 
       6.945192092462e-01       1.537080510686e+02 
       6.977461331369e-01       1.521378601108e+02 
       7.009730570893e-01       1.505919703805e+02 
       7.041999811027e-01       1.490690989628e+02 
       7.074269051763e-01       1.475680977989e+02 
       7.106538293092e-01       1.460878939630e+02 
       7.138807535005e-01       1.446275575051e+02 
       7.171076777496e-01       1.431874728716e+02 
       7.203346020556e-01       1.417670039145e+02 
       7.235615264178e-01       1.403668470143e+02 
       7.267884508354e-01       1.389864357625e+02 
       7.300153753077e-01       1.376252212517e+02 
       7.332422998340e-01       1.362822601030e+02 
       7.364692244135e-01       1.349562346097e+02 
       7.396961490456e-01       1.336474262789e+02 
       7.429230737296e-01       1.323552954638e+02 
       7.461499984647e-01       1.310808424801e+02 
       7.493769232504e-01       1.298240193344e+02 
       7.526038480859e-01       1.285847676850e+02 
       7.558307729707e-01       1.273625131395e+02 
       8.254834615704e-01       1.044994035046e+02 
       9.260355997576e-01       8.051252697824e+01 
       1.085587640843e+00       5.586625943525e+01 
       1.338476910457e+00       3.424327080130e+01 
       1.682651374321e+00       1.986883314192e+01 
